 -0.00000410  0.00000462 -0.00000330
  0.00000300 -0.00000278  0.00000245
  0.00000184 -0.00000247  0.00000082
  0.00000133  0.00000240  0.00000098
 -0.00000052 -0.00000100 -0.00000067
 -0.00000086 -0.00000122 -0.00000026
  0.00002155  0.00000558  0.00001250
 -0.00000936 -0.00000497 -0.00001189
 -0.00001706 -0.00000076 -0.00000598
  0.00000863  0.00001270 -0.00000867
 -0.00000285 -0.00000447  0.00000202
 -0.00000360 -0.00000466  0.00000642
 -0.00000039 -0.00000166  0.00000113
  0.00000021  0.00000081 -0.00000043
  0.00000029  0.00000094 -0.00000071
  0.00001733 -0.00000686  0.00000126
 -0.00000753  0.00000117 -0.00000174
 -0.00001116  0.00000589 -0.00000247
 -0.00000072  0.00000035  0.00000251
  0.00000059  0.00000007 -0.00000140
  0.00000029 -0.00000042 -0.00000148
 -0.00000073 -0.00000408  0.00000445
  0.00000011  0.00000206 -0.00000169
  0.00000056  0.00000169 -0.00000190
  0.00000028  0.00000185 -0.00000012
 -0.00000008 -0.00000087  0.00000011
 -0.00000018 -0.00000080  0.00000009
  0.00000041 -0.00000298 -0.00000882
 -0.00000008  0.00000106  0.00000324
 -0.00000037  0.00000085  0.00000497
  0.00001068  0.00000382  0.00000523
 -0.00000756 -0.00000256 -0.00000194
 -0.00000330 -0.00000172 -0.00000196
  0.00041351  0.00019169  0.00008573
 -0.00071628 -0.00007464 -0.00008402
 -0.00004249 -0.00004619 -0.00021148
  0.00000762  0.00000271  0.00000214
 -0.00000546 -0.00000183 -0.00000195
 -0.00000350 -0.00000167 -0.00000060
 -0.00000066  0.00000279 -0.00000153
  0.00000052 -0.00000157  0.00000108
  0.00000020 -0.00000120  0.00000082
 -0.00000144  0.00000791 -0.00001074
  0.00000199 -0.00000536  0.00000564
 -0.00000020 -0.00000441  0.00000453
 -0.00000119  0.00000325  0.00000270
  0.00000020 -0.00000114 -0.00000138
  0.00000073 -0.00000158 -0.00000087
 -0.00000091 -0.00000397  0.00000102
  0.00000026  0.00000183 -0.00000068
  0.00000046  0.00000252 -0.00000028
  0.00000800  0.00000724 -0.00000568
 -0.00000492 -0.00000457  0.00000178
 -0.00000306 -0.00000239  0.00000183
  0.00000117 -0.00000335  0.00000597
 -0.00000040  0.00000073 -0.00000259
 -0.00000019  0.00000181 -0.00000288
  0.00000508  0.00000032 -0.00000542
 -0.00000284 -0.00000076  0.00000269
 -0.00000190 -0.00000015  0.00000195
  0.00000009  0.00000119  0.00000208
  0.00000011 -0.00000050 -0.00000116
  0.00000007 -0.00000045 -0.00000103
 -0.00000011  0.00000104  0.00000178
  0.00000010 -0.00000076 -0.00000080
  0.00000002 -0.00000038 -0.00000078
 -0.00000664 -0.00000528 -0.00000780
  0.00000394  0.00000250  0.00000304
  0.00000409  0.00000388  0.00000584
  0.00003480  0.00010482  0.00000440
 -0.00002641 -0.00006914 -0.00001074
 -0.00001039 -0.00002026 -0.00001586
 -0.00000817  0.00001706  0.00001297
  0.00000291 -0.00000535 -0.00000378
  0.00000363 -0.00001019 -0.00001027
 -0.00003048 -0.00003624  0.00001983
  0.00000971  0.00001070 -0.00000469
  0.00000975  0.00002694 -0.00000989
 -0.00000503 -0.00000653 -0.00000092
  0.00000277  0.00000397  0.00000146
  0.00000197  0.00000240  0.00000048
 -0.00000625 -0.00000177  0.00000866
  0.00000172 -0.00000010 -0.00000389
  0.00000303  0.00000121 -0.00000275
  0.00000183  0.00000107 -0.00001017
 -0.00000043 -0.00000130  0.00000470
 -0.00000198 -0.00000064  0.00000641
 -0.00000330 -0.00000359  0.00000419
  0.00000145  0.00000124 -0.00000180
  0.00000248  0.00000252 -0.00000290
  0.00000123 -0.00000512  0.00000003
 -0.00000050  0.00000326  0.00000028
 -0.00000079  0.00000268 -0.00000043
 -0.00000038  0.00000044  0.00000156
  0.00000008 -0.00000025 -0.00000065
  0.00000022 -0.00000023 -0.00000082
 -0.00000058 -0.00000049  0.00000173
  0.00000026  0.00000010 -0.00000098
  0.00000022  0.00000021 -0.00000071
 -0.00001255  0.00000486  0.00000746
  0.00000500 -0.00000094 -0.00000243
  0.00000340 -0.00000344 -0.00000445
  0.00000228 -0.00000513  0.00000274
 -0.00000164  0.00000258 -0.00000135
 -0.00000108  0.00000284 -0.00000208
  0.00000252  0.00000033  0.00000520
 -0.00000163 -0.00000021 -0.00000260
 -0.00000081 -0.00000022 -0.00000189
 -0.00001897 -0.00001890 -0.00001040
  0.00000979  0.00000899 -0.00000004
  0.00000615  0.00000622  0.00000461
  0.00000045  0.00000138  0.00000081
 -0.00000032 -0.00000085 -0.00000046
 -0.00000021 -0.00000074 -0.00000037
 -0.00000720  0.00000436  0.00000279
  0.00000300 -0.00000290 -0.00000209
  0.00000501 -0.00000242 -0.00000190
 -0.00005289  0.00003735 -0.00001385
  0.00001777 -0.00001633 -0.00000641
  0.00003857 -0.00000925  0.00001295
  0.00000389 -0.00000307  0.00000339
 -0.00000181  0.00000123 -0.00000121
 -0.00000184  0.00000102 -0.00000214
  0.00000017  0.00000304  0.00000574
 -0.00000005 -0.00000150 -0.00000249
 -0.00000094 -0.00000260 -0.00000343
  0.00010229 -0.00001774  0.00012379
 -0.00000992 -0.00001791 -0.00004247
 -0.00014295  0.00001476 -0.00017211
  0.00001045 -0.00000192 -0.00000017
 -0.00000674  0.00000221  0.00000038
 -0.00000586  0.00000015 -0.00000046
  0.00001394 -0.00003357  0.00002516
 -0.00001264  0.00001279 -0.00001700
 -0.00000429  0.00000779 -0.00001144
 -0.00000177  0.00000363 -0.00000439
  0.00000087 -0.00000221  0.00000310
  0.00000130 -0.00000186  0.00000208
 -0.00001182 -0.00000150 -0.00000289
  0.00000430  0.00000007  0.00000133
  0.00000576  0.00000040 -0.00000013
  0.00000115  0.00000221 -0.00000094
 -0.00000073 -0.00000121  0.00000040
 -0.00000062 -0.00000106  0.00000070
  0.00006837 -0.00002836  0.00001213
 -0.00001894  0.00001062 -0.00000022
 -0.00005272  0.00002364  0.00001592
 -0.00000444 -0.00000113  0.00000160
  0.00000211  0.00000053 -0.00000037
  0.00000164  0.00000033 -0.00000087
 -0.00003206  0.00002802  0.00002206
  0.00001340 -0.00002334 -0.00002447
  0.00001201 -0.00000700 -0.00000619
 -0.00000130  0.00000396  0.00000006
  0.00000053 -0.00000178  0.00000029
  0.00000075 -0.00000260 -0.00000017
  0.00000214  0.00000835 -0.00000480
 -0.00000077 -0.00000324  0.00000118
 -0.00000197 -0.00000403  0.00000285
  0.00000068  0.00000394 -0.00000051
 -0.00000042 -0.00000161  0.00000031
 -0.00000014 -0.00000174  0.00000022
  0.00000138  0.00004218 -0.00008778
 -0.00002555 -0.00006459  0.00013181
  0.00001873 -0.00002440  0.00003544
 -0.00005735 -0.00002663 -0.00001067
  0.00001560  0.00000484  0.00000393
  0.00001973  0.00001915  0.00000776
 -0.00000213 -0.00000103  0.00000281
  0.00000136  0.00000062 -0.00000152
  0.00000101  0.00000066 -0.00000107
 -0.00000043  0.00000197  0.00000133
  0.00000020 -0.00000086 -0.00000044
  0.00000035 -0.00000133 -0.00000062
  0.00000787 -0.00000724 -0.00001283
 -0.00000473  0.00000252  0.00000805
 -0.00000224  0.00000274  0.00000522
  0.00003287  0.00001945 -0.00010041
  0.00000378 -0.00001096  0.00004891
 -0.00004037 -0.00003625  0.00007136
  0.00000725 -0.00000807 -0.00000207
 -0.00000340  0.00000516  0.00000209
 -0.00000530  0.00000438  0.00000098
  0.00000033 -0.00002261  0.00000338
 -0.00000318  0.00001327 -0.00000253
  0.00000049  0.00000833 -0.00000363
  0.00001150  0.00000266 -0.00001958
 -0.00000549 -0.00000280  0.00000692
 -0.00000849 -0.00000212  0.00001632
  0.00000298  0.00001115  0.00000996
 -0.00000438 -0.00000576 -0.00000317
 -0.00000024 -0.00000341 -0.00000351
  0.00000441  0.00000338  0.00000088
 -0.00000165 -0.00000158 -0.00000099
 -0.00000174 -0.00000138 -0.00000011
  0.00000319 -0.00001134 -0.00000962
 -0.00000058  0.00000430  0.00000354
 -0.00000102  0.00000855  0.00000722
 -0.00000154  0.00000273  0.00000032
  0.00000061 -0.00000107 -0.00000007
  0.00000078 -0.00000158 -0.00000011
 -0.00001110 -0.00000377 -0.00000272
  0.00000654  0.00000333  0.00000120
  0.00000401  0.00000130  0.00000058
 -0.00000166  0.00000849  0.00000064
  0.00000143 -0.00000527 -0.00000096
  0.00000050 -0.00000512  0.00000025
 -0.00000559 -0.00000272 -0.00003708
 -0.00000237 -0.00000126  0.00002696
  0.00000544  0.00000767  0.00002730
  0.00000007 -0.00000282  0.00000179
 -0.00000021  0.00000152 -0.00000081
 -0.00000003  0.00000104 -0.00000088
  0.00000380  0.00000234 -0.00000216
 -0.00000194 -0.00000097  0.00000075
 -0.00000146 -0.00000091  0.00000103
 -0.00000225 -0.00000004 -0.00001261
  0.00000106  0.00000048  0.00000770
  0.00000217  0.00000043  0.00000700
 -0.00000416 -0.00000254  0.00000192
  0.00000195  0.00000142 -0.00000050
  0.00000214  0.00000103 -0.00000088
  0.00000144  0.00000177 -0.00000224
 -0.00000082 -0.00000074  0.00000101
 -0.00000073 -0.00000089  0.00000146
 -0.00000546  0.00000392  0.00000918
  0.00000448 -0.00000132 -0.00000440
  0.00000064 -0.00000165 -0.00000434
  0.00001611 -0.00000432 -0.00001100
 -0.00000519  0.00000213  0.00000437
 -0.00000990  0.00000397  0.00000431
 -0.00000538 -0.00000651 -0.00000698
  0.00000211  0.00000254  0.00000237
  0.00000226  0.00000259  0.00000419
 -0.00005175  0.00001032 -0.00006606
  0.00004044 -0.00000803  0.00002397
  0.00001430 -0.00000597  0.00001690
 -0.00000112 -0.00000209  0.00000257
  0.00000084  0.00000137 -0.00000152
  0.00000048  0.00000069 -0.00000115
 -0.00000282  0.00000536  0.00000443
  0.00000059 -0.00000225 -0.00000250
  0.00000091 -0.00000214 -0.00000188
 -0.00002917  0.00003370  0.00004870
  0.00001932 -0.00000112 -0.00001805
  0.00000262 -0.00001198 -0.00001315
 -0.00000508  0.00000021 -0.00001048
  0.00000168  0.00000002  0.00000386
  0.00000336  0.00000068  0.00000531
  0.00000080  0.00000119  0.00000120
 -0.00000037 -0.00000054 -0.00000046
 -0.00000032 -0.00000049 -0.00000059
 -0.00000278 -0.00000230 -0.00000715
  0.00000141  0.00000092  0.00000456
  0.00000161  0.00000098  0.00000305
 -0.00000293 -0.00000234 -0.00000009
  0.00000157  0.00000110  0.00000024
  0.00000119  0.00000110  0.00000013
 -0.00075032  0.00089812  0.00132572
 -0.00126367 -0.00158540 -0.00075271
  0.00021774 -0.00001302 -0.00006255
  0.00001056  0.00001213  0.00003140
 -0.00001428 -0.00000128 -0.00002117
 -0.00000089 -0.00000607 -0.00001027
  0.00000031  0.00000089  0.00000094
 -0.00000017 -0.00000048 -0.00000043
 -0.00000012 -0.00000048 -0.00000062
 -0.00000087 -0.00000562 -0.00000462
  0.00000034  0.00000239  0.00000158
  0.00000052  0.00000223  0.00000240
 -0.00000186 -0.00000306  0.00000074
  0.00000079  0.00000167 -0.00000041
  0.00000120  0.00000187 -0.00000021
 -0.00000009  0.00000047  0.00000105
  0.00000001 -0.00000029 -0.00000048
  0.00000005 -0.00000018 -0.00000045
 -0.00001442 -0.00003957 -0.00002748
  0.00000448  0.00002310  0.00000553
  0.00001170  0.00001468  0.00001190
 -0.00000032 -0.00000069  0.00000233
  0.00000013  0.00000038 -0.00000093
  0.00000027  0.00000044 -0.00000132
 -0.00000282 -0.00000348 -0.00000218
  0.00000106  0.00000149  0.00000084
  0.00000142  0.00000144  0.00000117
  0.00000195  0.00000191  0.00000004
 -0.00000087 -0.00000078 -0.00000014
 -0.00000096 -0.00000088  0.00000019
 -0.00000015  0.00000070  0.00000188
  0.00000011 -0.00000014 -0.00000112
  0.00000006 -0.00000040 -0.00000095
  0.00000150  0.00000151 -0.00000427
 -0.00000099 -0.00000056  0.00000261
 -0.00000048 -0.00000056  0.00000184
 -0.00000027  0.00000044  0.00000185
  0.00000010 -0.00000024 -0.00000076
  0.00000009 -0.00000033 -0.00000088
  0.00000009 -0.00000037  0.00000207
 -0.00000001  0.00000036 -0.00000112
 -0.00000001 -0.00000003 -0.00000108
  0.00000244 -0.00001537 -0.00000915
 -0.00000010  0.00000897  0.00000735
 -0.00000188  0.00000563  0.00000410
  0.00000149  0.00000444  0.00002510
 -0.00000171 -0.00000163 -0.00000898
  0.00000341  0.00000432 -0.00001735
  0.00002299 -0.00002943  0.00001538
 -0.00000690  0.00000755 -0.00000829
 -0.00002183  0.00002421 -0.00001734
  0.00000439 -0.00000304  0.00001210
 -0.00000143  0.00000188 -0.00000473
 -0.00000178  0.00000047 -0.00000449
 -0.00000801 -0.00000081 -0.00001077
  0.00000398 -0.00000081  0.00000461
  0.00000503  0.00000117  0.00000461
 -0.00000034  0.00000020  0.00000128
  0.00000023 -0.00000011 -0.00000080
  0.00000013 -0.00000013 -0.00000061
 -0.00000057  0.00000359  0.00000474
  0.00000034 -0.00000180 -0.00000212
  0.00000044 -0.00000258 -0.00000342
  0.00000020  0.00000260  0.00000326
 -0.00000009 -0.00000139 -0.00000150
 -0.00000036 -0.00000141 -0.00000124
 -0.00000995  0.00000209  0.00003970
  0.00002122  0.00000551 -0.00002156
  0.00000469  0.00000028 -0.00001109
 -0.00000038  0.00000250  0.00000371
  0.00000016 -0.00000070 -0.00000209
  0.00000028 -0.00000205 -0.00000220
 -0.00000181 -0.00000174  0.00000120
  0.00000094  0.00000111 -0.00000060
  0.00000070  0.00000067 -0.00000054
  0.00001665 -0.00001233 -0.00000477
 -0.00000649  0.00000614  0.00000072
 -0.00000701  0.00000643  0.00000501
 -0.00000433  0.00001422  0.00000999
  0.00000363 -0.00000887 -0.00000509
  0.00000067 -0.00000508 -0.00000900
 -0.00001287  0.00000695 -0.00001191
  0.00000480 -0.00000206  0.00000675
  0.00000667 -0.00000228  0.00000448
  0.00001930  0.00001055 -0.00000504
 -0.00000752 -0.00000576  0.00000357
 -0.00000939 -0.00000230  0.00000374
  0.00001502  0.00001778  0.00000565
 -0.00000841 -0.00000896 -0.00000801
 -0.00000736 -0.00001323 -0.00000216
 -0.00001066 -0.00001019  0.00000570
  0.00000401  0.00000437 -0.00000113
  0.00000470  0.00000337 -0.00000360
  0.00000033  0.00000348  0.00000197
  0.00000001 -0.00000151 -0.00000127
 -0.00000027 -0.00000204 -0.00000053
 -0.00001093  0.00000204 -0.00000405
  0.00000617  0.00000007  0.00000224
  0.00000499 -0.00000170  0.00000066
 -0.00000099 -0.00000029  0.00000141
  0.00000048  0.00000006 -0.00000086
  0.00000061  0.00000021 -0.00000068
 -0.00000707 -0.00001209 -0.00002155
  0.00000620  0.00000635  0.00001649
  0.00000175  0.00000352  0.00000865
 -0.00000067 -0.00000945 -0.00000151
  0.00000036  0.00000674  0.00000059
  0.00000061  0.00000457  0.00000161
  0.00000015  0.00000069  0.00000388
  0.00000001 -0.00000082 -0.00000204
 -0.00000002 -0.00000039 -0.00000143
  0.00000035  0.00000180  0.00000068
 -0.00000020 -0.00000096 -0.00000017
 -0.00000017 -0.00000108 -0.00000051
  0.00000114  0.00000201  0.00000290
 -0.00000044 -0.00000115 -0.00000188
 -0.00000042 -0.00000081 -0.00000110
 -0.00000899 -0.00000069  0.00000566
  0.00000425  0.00000034 -0.00000439
  0.00000327  0.00000041 -0.00000184
