           1           2  0.97053742663996512     
           2           3   1.4386532020997691     
           3           4  0.97083269646123060     
           3           5   1.4418940119796253     
           5           6  0.97019747077600105     
           2           7  0.11282485798274185     
           5           7   1.4366375149359500     
           7           8  0.97051525300109343     
           3           9  0.11278419931781333     
           7           9   1.4450001689279897     
           9          10  0.97086231163446801     
           2          11   1.4401703015501370     
           5          11  0.11571124552490691     
           9          11   1.4341852802904045     
          11          12  0.96758510344447879     
